{
    "style": {
        "col_main_hue": 0.0,
        "col_main_sat": 0.7843137383460999,
        "col_main_val": 0.6666666865348816,
        "col_area_hue": 0.0,
        "col_area_sat": 0.0,
        "col_area_val": 0.23529411852359773,
        "col_back_hue": 0.0,
        "col_back_sat": 0.0,
        "col_back_val": 0.13725490868091584,
        "col_text_hue": 0.0,
        "col_text_sat": 0.0,
        "col_text_val": 1.0,
        "frame_rounding": 0.0
    }
}